2
5
6
9
10
13
14
15
20
22
24
25
26
27
28
29
30
34
37
38
41
43
45
47
50
51
53
54
57
58
61
62
65
68
69
70
74
75
76
78
79
80
82
83
88
89
90
94
103
108
111
113
114
121
124
125
127
128
131
133
139
142
143
144
148
149
150
152
153
154
156
159
161
163
164
165
167
169
171
172
175
176
177
178
180
181
186
188
194
195
198
201
202
203
204
210
214
216
218
219
223
224
226
228
230
231
232
233
234
236
238
240
241
242
244
245
251
252
253
254
255
259
260
261
262
264
265
266
268
269
270
271
272
273
274
275
277
278
282
284
286
288
290
293
294
296
301
302
305
306
308
309
311
312
313
314
315
318
321
322
323
324
325
326
327
331
332
335
337
338
342
343
344
345
350
354
357
360
361
363
365
367
368
370
371
372
373
376
377
378
379
380
381
387
388
389
390
391
394
395
396
402
403
404
409
412
415
416
417
418
421
426
428
429
432
434
435
436
437
438
440
441
442
446
448
452
453
455
456
458
459
464
465
468
471
472
474
476
477
481
482
485
488
489
491
494
496
497
499
500
502
504
506
509
510
511
514
515
519
521
522
523
524
525
526
528
529
531
532
533
534
541
542
544
545
547
549
550
551
555
557
558
560
565
568
569
571
572
574
576
577
578
579
581
584
587
590
592
594
596
598
600
601
602
604
605
606
608
609
612
614
616
618
620
622
624
626
632
638
639
641
643
645
646
647
650
651
653
654
655
656
657
658
659
660
665
666
667
668
676
677
678
679
683
688
692
694
695
696
697
703
705
706
707
710
713
717
720
727
729
730
731
732
733
734
738
739
740
743
744
745
747
749
750
751
752
754
755
758
760
761
762
764
765
766
768
769
770
772
773
774
782
784
785
786
787
790
791
793
796
797
803
804
806
807
809
810
812
813
815
816
818
819
823
824
825
828
829
830
833
834
836
837
838
839
841
842
843
846
847
848
849
850
851
853
856
857
859
862
865
866
867
868
869
870
871
875
876
879
880
881
883
884
890
892
895
898
905
906
907
910
915
916
917
918
924
925
930
931
932
934
937
939
940
941
942
943
945
946
948
950
952
953
954
956
957
959
964
965
966
968
969
971
973
975
976
977
979
982
983
984
985
994
995
997
998
999
1000
1006
1007
1009
1010
1011
1014
1015
1017
1020
1021
1022
1023
1024
1026
1028
1030
1032
1033
1034
1035
1036
1039
1041
1043
1045
1046
1047
1048
1049
1050
1054
1056
1062
1066
1067
1068
1070
1072
1076
1078
1081
1084
1087
1090
1091
1092
1093
1095
1096
1098
1099
1101
1102
1105
1106
1108
1109
1110
1112
1113
1114
1116
1117
1118
1120
1121
1122
1123
1124
1125
1127
1128
1130
1131
1134
1135
1136
1140
1141
1144
1147
1148
1150
1152
1157
1160
1161
1164
1165
1172
1179
1181
1186
1188
1189
1190
1195
1196
1198
1203
1205
1210
1211
1213
1215
1216
1217
1219
1222
1227
1229
1233
1236
1237
1239
1241
1242
1244
1245
1247
1249
1250
1251
1252
1254
1257
1262
1263
1265
1266
1269
1270
1276
1278
1279
1280
1281
1282
1284
1285
1286
1290
1291
1294
1296
1297
1299
1301
1302
1303
1304
1305
1306
1310
1311
1313
1315
1316
1317
1318
1320
1326
1330
1331
1333
1334
1341
1344
1345
1346
1347
1348
1349
1355
1356
1357
1360
1362
1363
1364
1367
1368
1371
1375
1376
1378
1379
1380
1381
1383
1385
1386
1387
1389
1392
1394
1397
1398
1400
1401
1403
1404
1407
1409
1411
1413
1414
1417
1422
1425
1426
1428
1430
1432
1435
1437
1438
1439
1441
1442
1443
1444
1445
1451
1452
1453
1454
1455
1456
1457
1458
1460
1461
1462
1466
1468
1469
1471
1475
1476
1479
1481
1482
1486
1488
1491
1492
1494
1496
1497
1498
1499
1500
1502
1503
1504
1506
1507
1508
1512
1517
1519
1526
1527
1528
1529
1530
1531
1533
1536
1537
1539
1540
1541
1544
1545
1548
1549
1550
1551
1555
1556
1557
1558
1564
1565
1567
1568
1571
1572
1576
1577
1579
1583
1584
1585
1586
1587
1588
1589
1590
1592
1596
1597
1598
1600
1604
1605
1608
1609
1610
1613
1615
1616
1617
1626
1627
1628
1629
1631
1632
1633
1635
1636
1638
1641
1642
1643
1644
1646
1648
1651
1654
1656
1658
1659
1665
1669
1670
1671
1672
1674
1675
1678
1682
1686
1690
1692
1694
1695
1698
1699
1701
1702
1703
1704
1707
1708
1716
1717
1718
1724
1726
1730
1733
1734
1735
1738
1739
1740
1742
1743
1745
1748
1749
1753
1756
1763
1764
1765
1766
1767
1770
1772
1773
1774
1783
1785
1786
1787
1791
1792
1793
1794
1795
1799
1800
1801
1802
1804
1805
1806
1807
1810
1811
1814
1818
1819
1820
1821
1822
1825
1827
1828
1830
1832
1834
1835
1836
1837
1840
1841
1843
1846
1847
1849
1851
1854
1855
1856
1857
1858
1859
1860
1869
1870
1871
1872
1874
1878
1881
1883
1884
1887
1891
1892
1893
1894
1900
1901
1903
1904
1906
1909
1910
1911
1912
1913
1914
1915
1916
1918
1923
1924
1928
1933
1934
1935
1936
1938
1939
1940
1943
1944
1945
1947
1948
1949
1950
1951
1954
1955
1958
1960
1961
1963
1965
1966
1967
1974
1975
1977
1978
1988
1990
1993
1996
2006
2008
2009
2013
2015
2021
2022
2025
2027
2030
2031
2032
2033
2038
2039
2042
2043
2048
2049
2050
2052
2053
2054
2056
2057
2060
2061
2063
2065
2066
2068
2070
2073
2074
2075
2081
2082
2084
2091
2096
2097
2098
2103
2104
2107
2109
2112
2113
2115
2116
2118
2119
2120
2127
2132
2133
2134
2137
2140
2143
2144
2147
2154
2156
2157
2158
2159
2163
2166
2170
2173
2174
2177
2179
2186
2187
2189
2190
2192
2198
2208
2209
2210
2213
2214
2216
2217
2219
2220
2221
2222
2223
2224
2225
2227
2228
2231
2234
2235
2236
2237
2238
2239
2242
2243
2244
2245
2246
2247
2248
2250
2254
2255
2258
2261
2269
2270
2272
2273
2277
2279
2280
2283
2285
2286
2289
2290
2291
2292
2293
2295
2296
2297
2298
2300
2302
2303
2304
2308
2309
2312
2313
2316
2318
2319
2322
2323
2324
2326
2327
2335
2337
2340
2352
2353
2354
2356
2357
2359
2360
2362
2363
2365
2368
2375
2378
2379
2380
2381
2389
2391
2393
2398
2401
2403
2405
2409
2410
2413
2415
2417
2420
2421
2422
2424
2425
2426
2429
2431
2432
2435
2436
2438
2442
2443
2445
2446
2447
2448
2449
2450
2453
2456
2457
2462
2463
2464
2471
2475
2476
2477
2478
2479
2481
2484
2487
2489
2492
2498
2501
2504
2507
2509
2510
2511
2512
2513
2516
2522
2523
2524
2525
2529
2532
2533
2536
2537
2538
2542
2543
2545
2546
2547
2548
2549
2551
2552
2553
2555
2557
2558
2559
2561
2565
2567
2570
2571
2572
2574
2577
2578
2579
2581
2582
2584
2585
2586
2591
2592
2594
2595
2597
2598
2603
2605
2607
2608
2611
2612
2615
2616
2617
2618
2619
2621
2622
2623
2625
2626
2629
2631
2632
2635
2636
2638
2639
2640
2644
2645
2646
2647
2648
2649
2650
2651
2652
2654
2655
2660
2661
2672
2673
2676
2679
2680
2681
2682
2683
2684
2688
2689
2692
2693
2697
2698
2701
2703
2705
2708
2710
2713
2715
2717
2720
2722
2723
2725
2726
2730
2735
2738
2739
2740
2741
2744
2745
2747
2750
2753
2755
2757
2758
2759
2760
2761
2763
2768
2769
2770
2771
2772
2773
2774
2775
2776
2778
2779
2781
2782
2783
2784
2787
2788
2791
2792
2793
2795
2797
2798
2806
2807
2809
2810
2811
2819
2820
2821
2822
2825
2829
2830
2831
2832
2839
2840
2842
2845
2847
2850
2851
2852
2855
2856
2858
2860
2861
2863
2864
2867
2870
2871
2873
2874
2876
2877
2878
2879
2881
2882
2883
2885
2887
2889
2891
2892
2893
2895
2896
2898
2899
2901
2905
2906
2907
2908
2911
2913
2914
2916
2917
2918
2923
2925
2926
2931
2933
2934
2938
2940
2942
2943
2945
2947
2949
2952
2953
2955
2959
2960
2961
2965
2966
2968
2971
2972
2973
2974
2978
2979
2980
2982
2983
2985
2986
2987
2988
2989
2990
2994
2997
2998
2999
3005
3010
3012
3013
3015
3016
3018
3020
3021
3022
3023
3024
3025
3026
3028
3031
3034
3035
3038
3040
3043
3045
3047
3049
3054
3058
3061
3065
3067
3069
3072
3074
3075
3076
3078
3079
3082
3083
3084
3085
3086
3087
3088
3090
3091
3092
3093
3095
3098
3100
3101
3104
3105
3106
3108
3111
3112
3115
3116
3117
3118
3119
3123
3125
3129
3131
3133
3134
3136
3138
3139
3141
3145
3147
3149
3152
3154
3155
3156
3157
3158
3159
3160
3162
3165
3166
3169
3170
3174
3175
3178
3179
3180
3186
3187
3188
3196
3197
3198
3202
3203
3205
3206
3207
3208
3210
3213
3215
3218
3219
3222
3223
3230
3236
3237
3238
3239
3242
3244
3245
3247
3248
3250
3252
3254
3255
3258
3259
3260
3261
3263
3265
3266
3268
3271
3275
3276
3280
3287
3289
3291
3292
3293
3294
3295
3299
3300
3301
3302
3303
3304
3305
3309
3311
3314
3315
3316
3317
3321
3324
3325
3326
3327
3328
3329
3330
3331
3332
3334
3336
3337
3339
3343
3345
3346
3348
3350
3353
3356
3359
3361
3364
3365
3366
3368
3370
3371
3374
3378
3385
3386
3389
3392
3397
3398
3401
3404
3405
3407
3409
3410
3411
3412
3413
3416
3417
3418
3419
3420
3421
3423
3424
3427
3428
3429
3431
3432
3433
3434
3436
3438
3440
3441
3444
3445
3447
3450
3451
3452
3453
3455
3456
3457
3458
3459
3460
3461
3464
3467
3468
3469
3472
3475
3476
3480
3481
3482
3483
3484
3486
3487
3488
3490
3491
3493
3494
3497
3502
3504
3506
3507
3509
3510
3513
3514
3516
3518
3520
3523
3524
3525
3526
3527
3531
3533
3534
3535
3538
3539
3540
3542
3545
3547
3550
3552
3555
3560
3563
3565
3567
3569
3571
3572
3575
3579
3586
3587
3588
3590
3591
3592
3596
3597
3600
3602
3605
3609
3610
3612
3613
3617
3619
3622
3623
3625
3628
3631
3645
3647
3648
3649
3650
3653
3654
3655
3656
3660
3661
3662
3664
3667
3670
3674
3675
3676
3679
3680
3683
3685
3686
3688
3690
3691
3692
3693
3694
3696
3697
3698
3703
3704
3705
3707
3708
3710
3714
3719
3725
3727
3728
3730
3732
3733
3734
3735
3738
3741
3742
3743
3744
3745
3746
3747
3748
3749
3751
3756
3758
3762
3766
3767
3770
3773
3775
3777
3778
3780
3781
3785
3786
3787
3788
3789
3790
3793
3794
3797
3798
3799
3800
3801
3803
3804
3805
3806
3808
3809
3811
3812
3813
3814
3815
3816
3818
3820
3821
3828
3830
3832
3835
3838
3842
3845
3846
3849
3851
3855
3856
3858
3862
3863
3866
3868
3870
3873
3874
3875
3877
3879
3882
3883
3884
3887
3889
3892
3893
3894
3895
3896
3897
3898
3900
3901
3903
3908
3909
3910
3911
3913
3915
3916
3917
3918
3919
3920
3921
3922
3924
3927
3928
3929
3930
3934
3935
3936
3940
3943
3948
3950
3953
3955
3959
3961
3962
3963
3965
3966
3967
3978
3980
3981
3982
3983
3984
3985
3989
3990
3992
3996
3997
3999
4001
4002
4003
4004
4005
4007
4008
4011
4012
4013
4014
4015
4016
4017
4018
4019
4021
4024
4025
4027
4030
4031
4032
4036
4039
4042
4043
4045
4047
4048
4050
4052
4054
4055
4058
4059
4061
4063
4064
4065
4066
4068
4073
4074
4075
4078
4079
4080
4082
4083
4084
4086
4087
4088
4089
4090
4091
4094
4095
4096
4097
4098
4099
4100
4102
4103
4104
4106
4109
4111
4112
4113
4115
4116
4118
4120
4121
4122
4124
4125
4127
4128
4134
4136
4140
4141
4144
4146
4147
4150
4151
4152
4153
4155
4159
4160
4161
4162
4165
4166
4168
4169
4170
4171
4172
4174
4176
4180
4181
4183
4185
4188
4189
4191
4192
4193
4195
4196
4198
4200
4210
4211
4212
4213
4214
4216
4217
4220
4221
4225
4227
4228
4230
4232
4237
4239
4241
4242
4246
4248
4249
4251
4252
4253
4254
4255
4256
4259
4262
4263
4264
4266
4267
4268
4269
4270
4271
4272
4273
4277
4282
4284
4286
4287
4288
4293
4297
4300
4302
4303
4307
4308
4309
4311
4314
4317
4319
4323
4325
4327
4328
4329
4330
4331
4332
4336
4338
4339
4343
4344
4345
4347
4351
4352
4356
4357
4359
4361
4368
4369
4370
4372
4374
4375
4377
4378
4380
4381
4390
4397
4399
4401
4402
4404
4405
4408
4409
4412
4415
4419
4421
4423
4429
4430
4433
4434
4437
4438
4441
4442
4443
4444
4446
4447
4448
4449
4450
4452
4453
4454
4456
4457
4458
4459
4460
4461
4462
4463
4468
4469
4471
4473
4477
4478
4479
4480
4481
4483
4484
4487
4489
4491
4492
4493
4496
4497
4498
4499
4502
4503
4508
4509
4510
4512
4513
4515
4516
4520
4525
4528
4529
4532
4533
4534
4536
4537
4538
4539
4543
4545
4546
4548
4552
4553
4555
4556
4557
4560
4564
4565
4567
4568
4569
4572
4573
4575
4576
4578
4580
4582
4583
4584
4585
4587
4589
4590
4592
4593
4594
4596
4602
4603
4608
4609
4610
4611
4613
4615
4616
4617
4618
4619
4621
4624
4625
4626
4627
4628
4629
4630
4631
4632
4634
4636
4640
4641
4642
4644
4648
4650
4651
4652
4655
4658
4661
4662
4663
4667
4669
4670
4672
4673
4675
4676
4678
4680
4681
4684
4685
4686
4688
4690
4691
4693
4695
4696
4697
4698
4700
4703
4705
4706
4708
4709
4711
4712
4717
4719
4720
4721
4722
4724
4725
4726
4729
4730
4732
4733
4734
4735
4737
4740
4745
4746
4748
4750
4751
4752
4753
4754
4758
4759
4761
4762
4763
4764
4765
4768
4773
4775
4776
4779
4780
4782
4783
4784
4785
4786
4787
4790
4791
4792
4796
4798
4801
4802
4803
4805
4807
4811
4812
4816
4817
4818
4821
4822
4823
4824
4825
4828
4829
4830
4832
4834
4835
4837
4839
4842
4843
4844
4846
4847
4848
4851
4852
4853
4855
4857
4858
4860
4861
4862
4864
4865
4867
4869
4870
4873
4875
4876
4877
4878
4879
4880
4883
4884
4889
4890
4900
4901
4902
4908
4909
4911
4913
4916
4919
4921
4922
4923
4924
4928
4930
4932
4934
4936
4937
4938
4942
4943
4944
4945
4946
4948
4949
4950
4951
4953
4956
4958
4959
4961
4963
4966
4970
4971
4974
4975
4977
4978
4979
4982
4986
4987
4993
4994
4997
5002
5003
5005
5007
5009
5015
5016
5018
5019
5021
5023
5024
5025
5026
5028
5029
5033
5034
5037
5040
5041
5043
5045
5046
5047
5048
5050
5053
5055
5058
5059
5060
5061
5064
5069
5070
5071
5074
5076
5077
5078
5082
5084
5086
5088
5090
5091
5092
5107
5108
5111
5112
5114
5115
5116
5117
5120
5121
5123
5125
5126
5130
5131
5132
5133
5135
5138
5139
5146
5147
5148
5149
5151
5153
5154
5155
5156
5157
5159
5162
5164
5165
5167
5168
5169
5171
5172
5174
5175
5176
5177
5179
5180
5181
5182
5183
5184
5185
5187
5190
5194
5195
5198
5200
5203
5209
5211
5213
5218
5219
5221
5222
5223
5224
5226
5229
5232
5233
5234
5235
5236
5237
5239
5241
5242
5244
5246
5247
5248
5249
5250
5251
5252
5253
5256
5261
5263
5267
5268
5269
5275
5277
5279
5280
5282
5283
5284
5286
5287
5288
5290
5292
5294
5297
5299
5301
5303
5304
5307
5309
5310
5311
5312
5313
5315
5316
5317
5319
5320
5321
5324
5325
5327
5329
5330
5331
5338
5339
5342
5349
5350
5351
5352
5353
5354
5355
5356
5357
5358
5360
5365
5367
5370
5373
5374
5375
5376
5378
5380
5381
5384
5385
5387
5389
5391
5392
5393
5399
5401
5404
5405
5407
5410
5412
5413
5414
5416
5419
5421
5423
5424
5428
5430
5431
5433
5434
5436
5437
5441
5442
5444
5449
5450
5453
5455
5461
5462
5467
5469
5473
5474
5475
5477
5479
5480
5481
5484
5485
5486
5492
5495
5498
5500
5502
5503
5505
5507
5508
5509
5510
5511
5512
5513
5514
5516
5517
5519
5521
5522
5523
5526
5527
5528
5530
5533
5537
5538
5539
5540
5544
5545
5546
5547
5551
5553
5556
5557
5558
5560
5561
5564
5565
5566
5568
5571
5573
5574
5575
5580
5581
5582
5583
5584
5585
5588
5592
5594
5595
5596
5598
5599
5604
5606
5612
5613
5614
5615
5621
5622
5624
5625
5629
5631
5632
5633
5634
5638
5644
5645
5646
5647
5648
5649
5652
5653
5654
5657
5658
5661
5664
5665
5666
5667
5668
5670
5674
5680
5682
5684
5686
5692
5694
5695
5699
5702
5705
5710
5711
5712
5714
5716
5717
5718
5719
5721
5726
5727
5728
5729
5730
5732
5733
5735
5736
5737
5738
5739
5740
5744
5747
5748
5749
5750
5751
5752
5754
5760
5761
5762
5765
5767
5770
5771
5776
5777
5785
5786
5787
5790
5793
5794
5795
5797
5798
5800
5802
5803
5806
5809
5812
5813
5814
5815
5816
5818
5819
5821
5822
5823
5827
5829
5831
5832
5833
5834
5835
5837
5840
5841
5843
5846
5847
5848
5854
5856
5860
5861
5862
5863
5865
5866
5867
5868
5869
5870
5873
5874
5878
5880
5882
5885
5888
5890
5891
5892
5893
5894
5899
5902
5903
5904
5905
5907
5909
5911
5913
5916
5917
5918
5919
5921
5923
5924
5925
5928
5931
5932
5934
5936
5939
5940
5942
5944
5945
5947
5949
5950
5954
5956
5957
5958
5960
5961
5962
5963
5964
5971
5972
5973
5974
5975
5980
5981
5984
5986
5988
5989
5991
5992
5993
5996
5997
5998
6003
6007
6008
6011
6013
6014
6016
6021
6022
6023
6024
6028
6031
6033
6035
6038
6039
6041
6043
6046
6047
6048
6049
6050
6052
6055
6060
6062
6067
6070
6071
6072
6078
6079
6080
6083
6084
6085
6086
6087
6088
6089
6091
6092
6093
6095
6098
6099
6100
6101
6102
6103
6104
6105
6106
6108
6110
6111
6114
6115
6116
6118
6120
6122
6123
6124
6126
6127
6128
6129
6130
6132
6133
6134
6135
6141
6144
6146
6147
6148
6150
6152
6154
6155
6157
6159
6161
6163
6164
6169
6171
6173
6176
6177
6178
6179
6181
6184
6190
6191
6192
6193
6194
6195
6197
6199
6200
6204
6205
6207
6211
6213
6216
6219
6220
6221
6222
6224
6225
6226
6227
6229
6231
6238
6240
6242
6245
6248
6249
6250
6251
6253
6256
6257
6258
6260
6261
6263
6264
6266
6267
6269
6271
6273
6275
6278
6279
6280
6281
6282
6283
6284
6285
6287
6290
6291
6292
6294
6295
6301
6303
6304
6305
6307
6308
6311
6313
6316
6322
6323
6324
6325
6326
6327
6329
6332
6335
6337
6338
6340
6343
6346
6348
6349
6350
6353
6354
6355
6361
6364
6365
6366
6367
6368
6373
6376
6380
6382
6384
6385
6387
6388
6390
6391
6393
6394
6396
6397
6398
6400
6404
6406
6408
6410
6413
6414
6415
6416
6418
6419
6420
6421
6422
6423
6425
6427
6429
6430
6432
6433
6434
6435
6438
6439
6441
6442
6445
6447
6448
6449
6451
6455
6458
6462
6463
6464
6465
6466
6467
6468
6469
6471
6473
6474
6478
6480
6481
6484
6487
6489
6490
6492
6494
6496
6501
6504
6505
6506
6507
6509
6510
6512
6513
6515
6517
6518
6520
6522
6523
6524
6526
6527
6528
6530
6535
6537
6538
6539
6545
6546
6549
6551
6552
6554
6555
6556
6557
6558
6559
6561
6563
6564
6566
6569
6570
6571
6572
6577
6579
6583
6584
6586
6587
6589
6590
6591
6592
6593
6594
6597
6598
6599
6600
6601
6604
6605
6607
6608
6609
6611
6614
6619
6620
6621
6622
6626
6632
6635
6636
6639
6642
6644
6645
6648
6649
6650
6653
6654
6656
6658
6660
6662
6664
6665
6666
6667
6669
6670
6671
6672
6674
6675
6677
6678
6680
6681
6683
6685
6686
6688
6691
6692
6693
6696
6698
6703
6704
6705
6707
6708
6709
6713
6715
6716
6718
6721
6722
6723
6725
6728
6730
6733
6735
6736
6737
6740
6742
6743
6744
6745
6747
6750
6753
6762
6765
6767
6771
6772
6774
6777
6778
6780
6781
6786
6787
6791
6794
6795
6796
6798
6799
6800
6801
6803
6805
6806
6809
6811
6812
6814
6818
6820
6827
6830
6832
6837
6839
6840
6841
6844
6847
6848
6850
6853
6857
6858
6859
6860
6861
6866
6867
6871
6872
6874
6875
6877
6878
6880
6882
6884
6887
6890
6891
6893
6895
6896
6897
6900
6901
6902
6904
6905
6906
6908
6910
6911
6912
6913
6914
6915
6916
6919
6920
6922
6924
6925
6926
6928
6931
6932
6933
6936
6937
6938
6939
6940
6943
6944
6949
6951
6952
6953
6954
6961
6965
6967
6969
6970
6972
6975
6976
6977
6978
6982
6983
6986
6990
6993
6997
6999
7000
7003
7004
7005
7008
7010
7013
7014
7015
7016
7017
7019
7021
7023
7024
7025
7028
7030
7035
7036
7038
7042
7044
7047
7050
7051
7053
7054
7056
7057
7059
7063
7067
7069
7070
7072
7073
7074
7075
7077
7078
7079
7081
7083
7086
7087
7088
7091
7092
7096
7097
7102
7107
7108
7110
7112
7113
7115
7120
7121
7125
7126
7130
7133
7134
7135
7136
7137
7138
7140
7142
7143
7147
7148
7153
7158
7159
7160
7165
7169
7171
7175
7176
7178
7180
7181
7187
7188
7189
7190
7191
7194
7198
7199
7200
7201
7202
7203
7204
7205
7208
7210
7211
7214
7215
7216
7218
7221
7222
7223
7224
7225
7226
7229
7231
7235
7240
7242
7244
7245
7249
7250
7252
7253
7254
7255
7256
7257
7258
7259
7262
7263
7266
7267
7268
7273
7280
7283
7285
7287
7291
7293
7297
7298
7300
7301
7303
7306
7307
7308
7309
7310
7314
7315
7316
7318
7319
7321
7323
7325
7328
7329
7332
7334
7338
7344
7345
7346
7347
7348
7351
7352
7354
7358
7361
7362
7365
7366
7367
7368
7370
7372
7374
7376
7378
7380
7383
7396
7398
7399
7403
7404
7405
7406
7407
7408
7410
7414
7417
7419
7420
7422
7424
7428
7430
7434
7436
7442
7443
7445
7450
7452
7454
7455
7457
7458
7459
7460
7464
7467
7473
7474
7477
7479
7480
7482
7486
7487
7488
7491
7493
7494
7496
7498
7499
7503
7504
7509
7512
7513
7514
7515
7516
7517
7519
7520
7521
7522
7524
7526
7527
7528
7529
7530
7531
7533
7536
7538
7540
7543
7544
7545
7546
7547
7550
7552
7553
7555
7558
7560
7563
7564
7566
7567
7569
7571
7573
7574
7576
7580
7583
7585
7586
7587
7590
7591
7595
7597
7598
7600
7602
7606
7607
7609
7612
7614
7618
7623
7626
7628
7632
7633
7635
7642
7644
7647
7649
7650
7660
7661
7663
7664
7665
7666
7667
7668
7670
7675
7677
7682
7685
7686
7687
7690
7691
7694
7695
7700
7704
7706
7710
7712
7715
7726
7727
7728
7729
7730
7735
7736
7741
7743
7744
7749
7751
7752
7753
7756
7758
7760
7765
7768
7771
7772
7773
7774
7775
7778
7779
7781
7783
7784
7790
7793
7794
7796
7797
7802
7803
7804
7805
7806
7808
7809
7810
7811
7815
7816
7818
7820
7821
7822
7826
7827
7831
7832
7834
7835
7836
7837
7838
7840
7841
7842
7844
7845
7848
7850
7851
7855
7856
7858
7859
7862
7863
7865
7870
7871
7873
7876
7878
7881
7885
7886
7887
7889
7896
7897
7899
7901
7902
7903
7906
7908
7909
7911
7913
7916
7917
7926
7929
7933
7934
7936
7937
7938
7939
7941
7944
7945
7946
7947
7948
7949
7951
7952
7953
7954
7959
7960
7961
7963
7966
7972
7973
7980
7983
7984
7985
7986
7987
7988
7990
7991
7992
7996
7997
8004
8008
8009
8013
8015
8016
8017
8023
8025
8027
8029
8031
8032
8033
8034
8035
8036
8038
8041
8042
8043
8045
8046
8047
8053
8057
8058
8060
8061
8062
8063
8064
8066
8068
8069
8075
8079
8084
8085
8086
8087
8089
8090
8095
8099
8101
8102
8107
8109
8110
8111
8113
8114
8115
8116
8119
8120
8122
8124
8125
8127
8129
8130
8132
8134
8135
8136
8137
8140
8142
8145
8149
8150
8152
8153
8156
8157
8160
8164
8166
8170
8171
8172
8173
8174
8176
8177
8179
8182
8184
8185
8186
8187
8188
8189
8190
8191
8198
8199
8202
8208
8213
8216
8219
8222
8226
8228
8229
8230
8231
8235
8238
8242
8245
8246
8248
8251
8253
8257
8258
8259
8260
8262
8263
8268
8269
8272
8273
8275
8276
8277
8279
8281
8286
8289
8294
8295
8296
8297
8300
8301
8302
8305
8306
8307
8308
8310
8311
8313
8314
8315
8316
8317
8321
8325
8326
8327
8328
8329
8330
8335
8340
8342
8346
8349
8350
8352
8353
8355
8357
8358
8359
8361
8362
8364
8365
8366
8369
8370
8376
8377
8379
8384
8385
8389
8390
8391
8392
8393
8394
8399
8401
8405
8406
8407
8409
8410
8412
8413
8414
8415
8416
8419
8420
8421
8425
8427
8428
8430
8435
8436
8439
8442
8444
8446
8447
8448
8449
8451
8453
8454
8455
8457
8462
8464
8466
8469
8471
8472
8473
8475
8476
8478
8481
8483
8484
8485
8489
8494
8495
8496
8499
8502
8505
8507
8508
8509
8510
8513
8516
8518
8519
8522
8525
8526
8527
8531
8532
8536
8537
8539
8541
8544
8546
8547
8549
8550
8551
8554
8556
8557
8562
8563
8564
8567
8569
8572
8575
8577
8583
8586
8591
8592
8594
8595
8601
8602
8605
8606
8607
8608
8610
8611
8614
8618
8619
8620
8622
8624
8625
8626
8628
8630
8633
8635
8636
8639
8641
8642
8643
8644
8646
8647
8649
8650
8653
8654
8657
8658
8659
8662
8664
8665
8666
8672
8673
8674
8675
8676
8680
8684
8688
8689
8690
8694
8696
8698
8701
8703
8705
8706
8708
8710
8712
8713
8716
8718
8719
8720
8722
8723
8727
8730
8731
8732
8733
8735
8738
8739
8745
8746
8749
8751
8754
8756
8760
8761
8763
8765
8766
8767
8768
8771
8772
8778
8783
8784
8788
8790
8792
8795
8796
8797
8798
8799
8801
8807
8808
8809
8810
8811
8812
8813
8814
8815
8819
8821
8823
8828
8829
8830
8834
8835
8839
8840
8842
8843
8845
8846
8851
8861
8865
8866
8867
8868
8870
8871
8873
8875
8876
8877
8878
8881
8884
8887
8891
8895
8896
8901
8902
8903
8904
8909
8911
8912
8913
8914
8915
8919
8928
8932
8943
8945
8949
8950
8951
8952
8955
8956
8957
8958
8961
8962
8963
8965
8966
8967
8969
8970
8971
8972
8973
8976
8977
8978
8980
8982
8984
8986
8988
8989
8991
8992
8993
8994
8996
8999
9000
9001
9003
9004
9005
9006
9008
9009
9011
9012
9013
9014
9018
9020
9022
9025
9026
9027
9028
9029
9030
9031
9032
9034
9036
9039
9040
9041
9042
9049
9052
9053
9060
9064
9065
9066
9068
9069
9071
9072
9073
9076
9079
9083
9084
9087
9092
9094
9098
9099
9103
9105
9107
9109
9110
9111
9112
9114
9116
9117
9119
9120
9122
9123
9125
9126
9130
9134
9135
9137
9138
9139
9141
9143
9144
9148
9149
9150
9151
9154
9155
9158
9159
9162
9164
9165
9170
9175
9177
9178
9179
9183
9185
9186
9187
9189
9190
9191
9192
9193
9194
9195
9198
9199
9200
9201
9203
9205
9207
9212
9214
9215
9220
9221
9223
9224
9226
9228
9229
9230
9232
9237
9239
9240
9241
9245
9246
9249
9250
9257
9258
9260
9262
9264
9268
9272
9275
9277
9278
9280
9281
9284
9285
9286
9288
9290
9292
9293
9295
9297
9298
9299
9304
9305
9306
9307
9308
9310
9311
9313
9316
9318
9320
9321
9324
9325
9326
9327
9328
9329
9330
9331
9333
9334
9335
9337
9339
9344
9345
9351
9356
9357
9358
9361
9363
9364
9366
9371
9372
9373
9375
9376
9378
9391
9392
9393
9394
9399
9403
9405
9406
9407
9411
9412
9414
9415
9417
9418
9423
9425
9426
9428
9429
9431
9432
9434
9436
9439
9444
9445
9446
9448
9450
9454
9455
9457
9461
9470
9471
9472
9476
9478
9480
9481
9482
9483
9484
9485
9486
9487
9490
9492
9493
9498
9505
9506
9507
9510
9511
9513
9518
9519
9521
9522
9523
9524
9526
9527
9528
9529
9530
9533
9535
9536
9537
9539
9540
9546
9549
9552
9553
9555
9557
9559
9562
9564
9566
9567
9569
9570
9571
9574
9575
9576
9579
9580
9582
9584
9586
9588
9589
9590
9591
9592
9594
9597
9598
9601
9602
9606
9608
9610
9611
9614
9616
9620
9622
9624
9628
9631
9632
9635
9638
9640
9642
9643
9645
9646
9647
9649
9655
9656
9657
9658
9661
9668
9670
9672
9674
9675
9676
9677
9679
9680
9683
9685
9688
9690
9692
9693
9694
9695
9696
9701
9702
9705
9706
9710
9711
9713
9715
9717
9720
9722
9723
9725
9727
9733
9737
9738
9739
9741
9742
9743
9744
9746
9747
9748
9749
9750
9755
9760
9762
9763
9764
9765
9767
9768
9772
9774
9775
9777
9778
9780
9781
9783
9784
9789
9790
9793
9795
9796
9804
9805
9808
9809
9810
9812
9813
9815
9816
9818
9819
9820
9821
9822
9823
9825
9829
9834
9837
9838
9840
9841
9842
9843
9846
9847
9848
9850
9852
9854
9856
9857
9858
9859
9860
9861
9862
9863
9866
9867
9868
9872
9873
9874
9878
9879
9880
9887
9888
9890
9894
9895
9896
9898
9900
9902
9903
9904
9908
9909
9910
9912
9914
9920
9921
9924
9926
9927
9928
9930
9932
9934
9935
9937
9938
9939
9940
9947
9949
9950
9951
9952
9954
9958
9959
9961
9962
9963
9964
9966
9967
9969
9971
9972
9973
9974
9977
9979
9980
9982
9983
9986
9987
9988
9993
9999
